historic_seasons <- c("0203", "0304", "0405", "0506", "0607", "0708", 
                      "0809", "0910", "1011", "1112", "1213", "1314", 
                      "1415", "1516", "1617", "1718")
models_to_train <- c("rpart", "LogitBoost")#, "xgbTree")
scrape_new_data <- FALSE